5165238 0.0563 0.016
1901252 0.1014 0.0301
5308569 -0.0551 0.0166
1038465 -0.0693 0.0211
5403266 -0.054 0.0166
12039788 0.0675 0.021
7638465 0.06 0.0188
5998385 0.0549 0.0173
7636578 0.0562 0.0179
3200013 0.1107 0.0353
8196121 0.0991 0.0318
6246943 0.0523 0.0168
5403265 -0.0545 0.0176
5167449 0.0497 0.0162
10950100 0.0527 0.0172
1152061 -0.0514 0.0171
5170533 0.0556 0.0189
1872410 -0.0767 0.0262
1170353 0.062 0.0216
11307615 0.0485 0.0169
12021841 0.0558 0.0195
2913735 0.0524 0.0188
6216392 0.0454 0.0167
6134347 0.0758 0.028
8727596 0.0448 0.0166
7043752 -0.0439 0.0164
11002905 -0.0981 0.0367
1896671 0.0458 0.0173
12034448 -0.0471 0.0178
2983699 0.046 0.0174
4463969 0.0455 0.0173
5046774 0.0422 0.0161
7638599 0.0419 0.0161
4335004 -0.0718 0.0276
5112872 0.0686 0.0264
6011487 0.0496 0.0191
7588649 0.0412 0.016
11985923 0.0414 0.0161
5099142 0.0424 0.0166
3049047 -0.0451 0.0177
11582416 -0.0414 0.0163
10811030 -0.0436 0.0172
11293605 0.0552 0.0218
7539507 0.05 0.0198
5327340 -0.0435 0.0174
8922869 -0.0415 0.0166
7544625 0.0491 0.0197
12258589 0.0311 0.0125
2184048 0.048 0.0193
3799505 -0.0491 0.0199
9031575 0.0543 0.0221
8806250 -0.0592 0.0241
3528669 -0.0523 0.0213
4778424 0.0511 0.021
8901689 0.0391 0.0161
10960892 0.0393 0.0162
10757840 0.0402 0.0166
1172751 -0.0671 0.0278
10670682 -0.0391 0.0162
12009021 0.0427 0.0177
12251002 -0.0494 0.0205
12278539 0.0286 0.0119
9612483 -0.0415 0.0173
2913726 0.0491 0.0205
10287767 0.0459 0.0192
8542719 0.0897 0.0376
12052852 -0.0429 0.018
4686404 -0.0791 0.0332
5305538 0.0682 0.0288
6202411 0.0783 0.0331
4333366 -0.0477 0.0202
11263210 0.0505 0.0214
2899583 -0.0438 0.0186
11077880 -0.0385 0.0164
4437320 0.04 0.0171
8806911 -0.0388 0.0167
1645103 0.0564 0.0243
10283651 0.0376 0.0162
12092873 -0.0552 0.0238
12028239 -0.0418 0.0181
951853 -0.0408 0.0177
2909770 -0.0447 0.0194
4392068 0.0394 0.0171
5292866 0.0373 0.0162
5907691 0.0405 0.0176
1349103 -0.0453 0.0197
10283656 0.0383 0.0167
999281 -0.0376 0.0164
2409437 0.0511 0.0223
6148658 0.0375 0.0164
6443050 -0.0391 0.0171
8761109 -0.0368 0.0161
10977837 -0.0386 0.0169
10665719 0.0372 0.0163
11869481 0.0508 0.0223
8310362 -0.0387 0.017
11985925 0.0396 0.0174
10287763 0.0391 0.0172
7596116 0.0515 0.0227
10419871 -0.0448 0.0198
11403779 0.0518 0.0229
3351254 0.0574 0.0254
4526828 0.0386 0.0171
5819014 -0.0618 0.0274
6195179 -0.1008 0.0447
9336721 -0.0398 0.0177
7272672 -0.037 0.0165
8232857 -0.0426 0.019
9851999 0.039 0.0174
10663741 0.0363 0.0162
6834920 0.0584 0.0261
11846810 -0.0369 0.0165
11980277 0.038 0.017
6661303 -0.0659 0.0295
4776692 -0.039 0.0175
5907515 -0.068 0.0306
1989859 -0.0392 0.0177
1409199 -0.0374 0.0169
1866120 0.0557 0.0252
8771127 -0.0674 0.0305
1927875 -0.0495 0.0224
11843234 -0.0618 0.028
6098470 0.043 0.0195
10114830 -0.0551 0.025
12021851 0.039 0.0177
5154876 -0.0576 0.0262
11275831 -0.0397 0.0181
11578325 -0.0355 0.0162
11879399 -0.037 0.0169
9612470 -0.0545 0.0249
3684951 -0.0769 0.0352
3655876 -0.0425 0.0195
1030986 -0.1048 0.0481
5949764 0.0421 0.0194
2911088 -0.0464 0.0214
6011205 0.0388 0.0179
5886665 0.0428 0.0198
1008785 -0.0363 0.0168
7761259 -0.0354 0.0164
5854539 0.0517 0.024
12180629 -0.0256 0.0119
8682860 0.0475 0.0221
11013690 0.0389 0.0181
1082052 0.041 0.0191
11869479 -0.0354 0.0165
5425599 0.0399 0.0186
10427532 -0.0416 0.0194
2964964 0.0791 0.0369
6544296 0.0433 0.0202
12175972 -0.0259 0.0121
8121362 0.0372 0.0174
6032846 0.0515 0.0241
11279658 0.0359 0.0168
10647054 0.0348 0.0163
9425817 0.0356 0.0167
6215751 0.0409 0.0192
5048592 -0.0492 0.0231
6805041 -0.0383 0.018
5853680 -0.0524 0.0247
6646132 0.0534 0.0252
11823959 0.036 0.017
7736903 0.0525 0.0248
5158766 0.0433 0.0205
4618742 0.0587 0.0278
10035975 -0.0842 0.0399
10781968 -0.0662 0.0314
1656455 -0.0685 0.0325
6703792 0.0548 0.026
4348818 0.0748 0.0355
9704545 0.0518 0.0246
10350691 -0.037 0.0176
5987514 0.0338 0.0161
11261008 0.0338 0.0161
7863755 0.0575 0.0274
10350706 -0.0369 0.0176
8761204 0.0419 0.02
8113965 0.0354 0.0169
11559634 -0.0337 0.0161
2982063 -0.0504 0.0241
10671871 -0.0347 0.0166
6571010 -0.0719 0.0344
11266282 0.0349 0.0167
8336950 -0.0353 0.0169
5158768 0.0409 0.0196
4527747 -0.0369 0.0177
11420271 -0.0369 0.0177
5154957 0.0962 0.0463
1073575 -0.0546 0.0263
4390878 0.0363 0.0175
10478540 0.0352 0.017
4349128 -0.0356 0.0172
10845376 -0.0335 0.0162
10325418 -0.0814 0.0394
5248870 0.0597 0.0289
6710032 0.0485 0.0235
10088455 -0.0332 0.0161
12296327 -0.0245 0.0119
7638596 -0.0399 0.0194
11889568 -0.0399 0.0194
3086134 -0.0331 0.0161
9834916 -0.037 0.018
4546940 -0.0873 0.0425
11882748 -0.0577 0.0281
6571012 -0.0677 0.033
7593447 0.0498 0.0243
7002081 0.0336 0.0164
7745880 0.0381 0.0186
5040497 0.0342 0.0167
11831884 -0.074 0.0363
4733379 0.046 0.0226
6174816 -0.0405 0.0199
5907661 0.0716 0.0352
1991021 0.0333 0.0164
1902369 -0.0339 0.0167
9763456 0.0345 0.017
4738737 0.0629 0.031
8232856 -0.0387 0.0191
2148280 -0.0389 0.0192
11514137 -0.0403 0.0199
4738778 0.0332 0.0164
10840758 0.0332 0.0164
3682568 -0.0423 0.0209
1606929 -0.0348 0.0172
2792131 -0.0481 0.0238
7701234 -0.0416 0.0206
4058084 0.0541 0.0268
4040215 -0.0409 0.0203
5113209 0.0562 0.0279
2418050 -0.0457 0.0227
5242865 0.0324 0.0161
10813292 -0.034 0.0169
8250482 -0.0356 0.0177
10287768 0.0374 0.0186
7694258 -0.0414 0.0206
12256675 0.0247 0.0123
1882720 0.0327 0.0163
5870978 0.0353 0.0176
4617656 -0.0376 0.0188
5949759 0.0512 0.0256
6833799 -0.0402 0.0201
9770066 -0.0432 0.0216
10709014 -0.0334 0.0167
12296325 -0.0238 0.0119
11425057 0.0619 0.031
9729102 -0.0497 0.0249
12282298 -0.0457 0.0229
9272701 -0.0387 0.0194
6657701 -0.0323 0.0162
1960441 -0.0588 0.0295
5116007 0.0494 0.0248
8353352 0.0535 0.0269
11980517 0.0342 0.0172
12282363 0.0312 0.0157
4090491 -0.0568 0.0286
4517864 -0.0407 0.0205
9677562 -0.0349 0.0176
4348831 0.0606 0.0306
10839596 0.0386 0.0195
6863180 -0.0378 0.0191
5116682 0.0322 0.0163
9302693 -0.0417 0.0212
10104105 0.0611 0.0311
8177986 0.0322 0.0164
12021789 0.0369 0.0188
2956252 0.0347 0.0177
977088 -0.0343 0.0175
12209583 -0.0435 0.0222
9007612 0.0381 0.0195
3164243 -0.0332 0.017
8231320 0.0324 0.0166
6275254 0.0482 0.0247
11577380 0.0361 0.0185
7538397 0.032 0.0164
11499926 -0.0499 0.0256
5048109 -0.0378 0.0194
1531165 0.0559 0.0287
8153674 0.0722 0.0371
11256888 -0.0465 0.0239
11931209 -0.0356 0.0183
1068962 -0.0319 0.0164
10643287 -0.0381 0.0196
5116541 -0.0456 0.0235
4348808 0.0322 0.0166
3202554 -0.0316 0.0163
4528196 0.0405 0.0209
7944911 0.0631 0.0326
9092748 0.0592 0.0306
8675361 -0.0315 0.0163
5009574 -0.0309 0.016
4389953 -0.0365 0.0189
947300 0.0326 0.0169
8372738 -0.0324 0.0168
1919290 -0.0374 0.0194
5168114 0.032 0.0166
12215831 -0.0424 0.022
6262971 0.0422 0.0219
2551903 -0.0441 0.0229
6710825 -0.0358 0.0186
1618845 -0.0433 0.0225
2323534 -0.0327 0.017
